-0.035705366418209775
-1.9517004341365654
-0.035705366418209775
-0.035705366418209775
-0.035705366418209775
-0.5679262185621974
-0.7808145594197925
0.17718297443938527
-0.6743703889909949
0.07073880401058776
1.2416246787273606
-0.035705366418209775
0.8584256651836895
1.560957190013753
0.922292167440968
-2.3774771158517556
1.135180508298563
0.17718297443938527
-0.6743703889909949
-0.6743703889909949
0.07073880401058776
1.6674013604425506
-1.3130354115637801
1.135180508298563
-1.2065912411349826
1.2416246787273606
-0.4614820481333999
1.560957190013753
-1.1001470707061851
-0.8872587298485901
-0.4614820481333999
-0.3550378777046023
-0.5679262185621974
1.2416246787273606
0.2836271448681828
-0.9937029002773876
-0.7808145594197925
-0.035705366418209775
-1.4833460842498563
1.7632011138284684
-0.035705366418209775
2.518954723872931
-0.4614820481333999
0.2836271448681828
-0.14214953684700732
0.922292167440968
-0.24859370727580485
-0.6743703889909949
-0.035705366418209775
-1.1001470707061851
-1.6323679228501728
-0.035705366418209775
0.00687230175330924
-0.20601603910428584
0.00687230175330924
-1.057569402534666
-0.3550378777046023
-0.6743703889909949
0.17718297443938527
-0.3550378777046023
0.6029596561545755
-0.6743703889909949
0.922292167440968
0.6029596561545755
-0.035705366418209775
-1.4194795819925776
-0.5679262185621974
-0.5679262185621974
-0.9937029002773876
-0.9937029002773876
-0.3550378777046023
-0.14214953684700732
-0.035705366418209775
-0.035705366418209775
0.2836271448681828
1.348068849156158
-0.8872587298485901
0.4965154857257779
-0.7382368912482735
0.6987594095404931
-0.035705366418209775
1.4545130195849556
-0.4614820481333999
1.348068849156158
-0.7808145594197925
-0.035705366418209775
0.4965154857257779
-0.9937029002773876
-0.14214953684700732
0.4965154857257779
1.348068849156158
-1.7388120932789703
-0.035705366418209775
0.00687230175330924
0.32620481303970184
0.00687230175330924
0.00687230175330924
-0.035705366418209775
0.4965154857257779
1.6674013604425506
-0.9937029002773876
1.0287363378697654
-1.6323679228501728
1.2416246787273606
-0.035705366418209775
-0.14214953684700732
0.2836271448681828
-0.035705366418209775
2.093178042157741
0.17718297443938527
0.17718297443938527
-2.1645887749941606
2.093178042157741
0.2836271448681828
0.2836271448681828
1.135180508298563
0.922292167440968
0.17718297443938527
-0.4614820481333999
-0.41890437996188085
-0.035705366418209775
-0.5679262185621974
-1.1001470707061851
-2.1645887749941606
-0.6743703889909949
2.1996222125865383
0.39007131529698036
-0.7808145594197925
1.2416246787273606
-0.24859370727580485
-0.6743703889909949
-0.5679262185621974
-1.3130354115637801
-0.035705366418209775
-0.0995718686754883
-2.271032945422958
-2.8032537975669456
0.17718297443938527
-0.035705366418209775
-0.035705366418209775
0.07073880401058776
1.560957190013753
0.07073880401058776
0.4965154857257779
-0.035705366418209775
-0.4614820481333999
0.7094038265833729
-1.4194795819925776
-0.6743703889909949
-1.2065912411349826
0.8158479970121704
-0.14214953684700732
0.17718297443938527
-0.24859370727580485
-0.035705366418209775
0.922292167440968
-0.5679262185621974
-0.14214953684700732
0.39007131529698036
0.1239608892249865
-0.035705366418209775
0.6029596561545755
0.07073880401058776
-1.1001470707061851
0.17718297443938527
-0.6743703889909949
1.4545130195849556
-0.4614820481333999
1.135180508298563
-2.271032945422958
0.7094038265833729
1.6674013604425506
0.7094038265833729
-0.24859370727580485
-1.7388120932789703
0.4965154857257779
-0.035705366418209775
-0.035705366418209775
-2.483921286280553
-0.9937029002773876
-0.035705366418209775
1.2416246787273606
0.07073880401058776
0.07073880401058776
-2.909697967995743
0.2836271448681828
-0.8872587298485901
1.2416246787273606
-0.9937029002773876
-0.3550378777046023
0.07073880401058776
-0.5679262185621974
0.07073880401058776
-0.035705366418209775
0.2836271448681828
0.922292167440968
1.6674013604425506
0.7094038265833729
-0.8872587298485901
-1.8984783489221666
-0.035705366418209775
-0.9937029002773876
-1.3130354115637801
2.6253988943017283
1.2416246787273606
-0.7808145594197925
-1.6323679228501728
1.135180508298563
0.17718297443938527
-0.3550378777046023
-0.5679262185621974
-0.8872587298485901
-0.5679262185621974
0.39007131529698036
0.8158479970121704
-1.5259237524213753
-0.9937029002773876
-0.035705366418209775
-0.035705366418209775
0.922292167440968
-1.1001470707061851
0.17718297443938527
0.07073880401058776
0.922292167440968
-1.6323679228501728
0.8158479970121704
-2.3774771158517556
0.17718297443938527
0.8158479970121704
1.348068849156158
-1.7388120932789703
-1.3130354115637801
-0.5679262185621974
0.8158479970121704
0.17718297443938527
1.135180508298563
0.07073880401058776
1.560957190013753
0.17718297443938527
-0.035705366418209775
-0.035705366418209775
0.2836271448681828
1.348068849156158
0.2836271448681828
0.17718297443938527
-0.5679262185621974
-1.2065912411349826
-0.14214953684700732
-0.6743703889909949
0.17718297443938527
-0.035705366418209775
-0.24859370727580485
-1.7388120932789703
0.07073880401058776
-0.7808145594197925
-0.035705366418209775
0.21976064261090428
-0.035705366418209775
-0.035705366418209775
1.348068849156158
-1.3130354115637801
1.135180508298563
1.8802897013001456
-1.2065912411349826
-0.3550378777046023
0.8158479970121704
1.560957190013753
0.7094038265833729
2.093178042157741
0.17718297443938527
-0.4614820481333999
-1.9517004341365654
2.6253988943017283
0.17718297443938527
-0.9937029002773876
0.39007131529698036
0.7094038265833729
-1.4194795819925776
-0.6743703889909949
0.2836271448681828
-0.035705366418209775
-0.8872587298485901
0.2836271448681828
-0.9937029002773876
-0.7808145594197925
-0.035705366418209775
0.07073880401058776
1.135180508298563
-0.14214953684700732
2.306066383015336
-1.8452562637077679
-0.4614820481333999
0.07073880401058776
1.773845530871348
-0.035705366418209775
-0.035705366418209775
1.0287363378697654
-0.4614820481333999
-0.5679262185621974
-0.035705366418209775
-0.035705366418209775
-1.5259237524213753
-2.483921286280553
2.731843064730526
-0.035705366418209775
-0.035705366418209775
0.922292167440968
2.306066383015336
-0.4614820481333999
-4.080583842712516
0.7094038265833729
-0.24859370727580485
-1.4194795819925776
-0.7808145594197925
0.39007131529698036
0.2836271448681828
1.348068849156158
0.922292167440968
1.2416246787273606
-0.7808145594197925
-0.035705366418209775
-1.3130354115637801
-0.14214953684700732
0.39007131529698036
-0.8872587298485901
-0.9937029002773876
1.0287363378697654
-0.7808145594197925
1.6674013604425506
-0.035705366418209775
0.7094038265833729
-1.7388120932789703
-1.7388120932789703
-0.24859370727580485
-0.035705366418209775
-0.035705366418209775
1.0287363378697654
0.2836271448681828
-2.909697967995743
-1.9517004341365654
1.348068849156158
-0.5679262185621974
0.4965154857257779
0.7094038265833729
-0.8872587298485901
-0.4614820481333999
-0.035705366418209775
-1.3130354115637801
0.39007131529698036
1.0287363378697654
0.7094038265833729
0.4965154857257779
-0.5679262185621974
-0.3550378777046023
-0.8872587298485901
-1.2065912411349826
-0.5679262185621974
-0.9937029002773876
1.348068849156158
-0.7808145594197925
-0.035705366418209775
0.07073880401058776
-2.058144604565363
0.17718297443938527
-0.24859370727580485
0.07073880401058776
-0.7808145594197925
0.39007131529698036
-0.7808145594197925
-0.035705366418209775
-0.035705366418209775
-2.1645887749941606
-0.035705366418209775
-1.2065912411349826
-1.3130354115637801
-0.035705366418209775
-0.035705366418209775
-1.2065912411349826
1.2416246787273606
0.6029596561545755
0.39007131529698036
-1.6323679228501728
0.922292167440968
-0.7808145594197925
-0.035705366418209775
-1.1640135729634635
-0.035705366418209775
-0.035705366418209775
1.8802897013001456
0.39007131529698036
0.39007131529698036
-0.8872587298485901
0.07073880401058776
-1.4194795819925776
0.07073880401058776
-1.1001470707061851
0.4965154857257779
-0.6743703889909949
1.348068849156158
-0.035705366418209775
-0.035705366418209775
-0.5679262185621974
-0.5679262185621974
-0.6743703889909949
-0.4614820481333999
-0.035705366418209775
-0.14214953684700732
0.4965154857257779
1.2416246787273606
0.17718297443938527
-0.035705366418209775
-0.24859370727580485
-1.8026785955362488
0.2836271448681828
-2.3774771158517556
0.6029596561545755
-0.035705366418209775
-0.035705366418209775
-1.2065912411349826
-1.4194795819925776
0.07073880401058776
-0.035705366418209775
-0.20601603910428584
-0.035705366418209775
-0.035705366418209775
-0.6743703889909949
0.922292167440968
0.07073880401058776
0.6029596561545755
1.2416246787273606
0.4965154857257779
-0.035705366418209775
-0.035705366418209775
0.2836271448681828
-0.5679262185621974
1.135180508298563
2.306066383015336
0.39007131529698036
-0.24859370727580485
0.07073880401058776
-0.035705366418209775
-0.14214953684700732
0.6029596561545755
-0.3550378777046023
0.07073880401058776
1.0287363378697654
0.2836271448681828
-2.909697967995743
-0.4614820481333999
0.922292167440968
-0.035705366418209775
0.00687230175330924
-0.7382368912482735
-0.035705366418209775
0.00687230175330924
-0.035705366418209775
1.6674013604425506
-0.9937029002773876
-2.271032945422958
2.4125105534441333
-0.14214953684700732
-0.035705366418209775
0.8584256651836895
-0.9937029002773876
1.8802897013001456
4.541393962020084
-0.8872587298485901
-0.3550378777046023
-0.3550378777046023
1.4545130195849556
-0.035705366418209775
-0.035705366418209775
0.07073880401058776
2.1996222125865383
-0.14214953684700732
-0.035705366418209775
2.093178042157741
0.2836271448681828
-1.3130354115637801
-0.7808145594197925
-0.035705366418209775
-1.8452562637077679
2.518954723872931
-0.5679262185621974
-2.3774771158517556
-0.14214953684700732
1.9867338717289433
1.348068849156158
1.560957190013753
-0.6743703889909949
-1.6323679228501728
0.00687230175330924
-1.6323679228501728
-0.14214953684700732
-0.035705366418209775
0.6029596561545755
0.07073880401058776
0.6029596561545755
0.39007131529698036
-0.7808145594197925
-0.24859370727580485
0.07073880401058776
-0.035705366418209775
1.9228673694716647
-1.4194795819925776
0.32620481303970184
-2.3348994476802365
-1.2065912411349826
0.922292167440968
-0.035705366418209775
-0.035705366418209775
0.2836271448681828
1.6674013604425506
1.4545130195849556
-0.035705366418209775
-0.7808145594197925
1.560957190013753
-0.035705366418209775
-0.035705366418209775
-0.035705366418209775
-0.035705366418209775
-0.14214953684700732
-1.1001470707061851
-1.2065912411349826
2.4125105534441333
-1.7388120932789703
0.07073880401058776
0.8158479970121704
0.8158479970121704
-0.035705366418209775
0.751981494754892
-0.035705366418209775
-0.6743703889909949
-1.4194795819925776
0.4965154857257779
1.4545130195849556
0.39007131529698036
1.773845530871348
0.8158479970121704
0.17718297443938527
-3.0161421384245406
-0.6317927208194759
-0.6743703889909949
0.00687230175330924
2.56153239204445
-1.1640135729634635
0.00687230175330924
-0.035705366418209775
0.4965154857257779
-2.909697967995743
-0.035705366418209775
0.2836271448681828
0.07073880401058776
-0.6743703889909949
0.39007131529698036
-0.035705366418209775
1.348068849156158
0.4965154857257779
0.922292167440968
1.0819584230841643
-0.035705366418209775
-0.035705366418209775
-0.5679262185621974
0.07073880401058776
-0.5679262185621974
-1.3130354115637801
1.135180508298563
-0.24859370727580485
-0.035705366418209775
-0.035705366418209775
-2.1220111068226415
-0.035705366418209775
-0.6743703889909949
-0.24859370727580485
-0.14214953684700732
-0.5679262185621974
1.560957190013753
-0.7808145594197925
-0.035705366418209775
-0.9937029002773876
0.17718297443938527
-0.5679262185621974
-1.1640135729634635
-0.035705366418209775
0.00687230175330924
0.00687230175330924
-0.035705366418209775
0.4965154857257779
-0.4614820481333999
-0.035705366418209775
0.17718297443938527
0.6029596561545755
2.306066383015336
-0.6743703889909949
0.2836271448681828
-0.4614820481333999
-2.909697967995743
0.17718297443938527
-0.9937029002773876
3.210841831660115
-0.7808145594197925
-0.035705366418209775
-0.035705366418209775
1.348068849156158
-2.271032945422958
-0.035705366418209775
-0.035705366418209775
1.560957190013753
-0.035705366418209775
-0.4614820481333999
0.964869835612487
-0.035705366418209775
-0.035705366418209775
-0.5679262185621974
1.348068849156158
-1.3130354115637801
1.0287363378697654
-0.6743703889909949
0.922292167440968
1.135180508298563
0.2836271448681828
-0.14214953684700732
-0.7808145594197925
0.4965154857257779
-0.035705366418209775
1.8802897013001456
0.07073880401058776
0.6029596561545755
-1.8452562637077679
0.39007131529698036
-0.14214953684700732
-0.035705366418209775
1.6674013604425506
0.4965154857257779
-0.24859370727580485
-0.24859370727580485
-0.4614820481333999
0.2836271448681828
0.39007131529698036
0.9755142526553667
-0.14214953684700732
-0.035705366418209775
-0.035705366418209775
-0.035705366418209775
0.07073880401058776
-1.9517004341365654
-0.4614820481333999
-0.4614820481333999
-0.3550378777046023
-0.035705366418209775
-0.7808145594197925
-2.909697967995743
-0.035705366418209775
2.093178042157741
-0.9937029002773876
-0.7808145594197925
0.7094038265833729
0.4965154857257779
0.4965154857257779
1.773845530871348
-0.8872587298485901
-0.14214953684700732
0.4965154857257779
-2.058144604565363
0.07073880401058776
0.2836271448681828
0.39007131529698036
0.17718297443938527
0.922292167440968
1.0287363378697654
1.2416246787273606
-0.9937029002773876
0.4965154857257779
-0.14214953684700732
-0.4614820481333999
0.4965154857257779
1.0287363378697654
1.4545130195849556
-0.24859370727580485
-1.4727016672069764
0.7094038265833729
-1.4194795819925776
-1.3130354115637801
-0.035705366418209775
-0.035705366418209775
-0.035705366418209775
-0.035705366418209775
-0.8872587298485901
0.8158479970121704
-0.3550378777046023
-0.035705366418209775
-2.696809627138148
-0.4614820481333999
-0.8872587298485901
-0.035705366418209775
-0.7808145594197925
-0.3550378777046023
2.0293115399004624
-0.035705366418209775
0.07073880401058776
1.135180508298563
0.4965154857257779
-0.035705366418209775
-0.5679262185621974
-0.6743703889909949
-0.3550378777046023
1.4545130195849556
-0.14214953684700732
1.135180508298563
-0.5679262185621974
-0.5679262185621974
1.2416246787273606
1.135180508298563
0.17718297443938527
-0.14214953684700732
-1.3130354115637801
-1.5259237524213753
-0.24859370727580485
0.07073880401058776
-1.579145837635774
0.17718297443938527
-0.4614820481333999
1.348068849156158
-0.14214953684700732
0.39007131529698036
0.17718297443938527
-0.6743703889909949
0.39007131529698036
1.773845530871348
-0.035705366418209775
-1.1001470707061851
2.306066383015336
-0.5253485503906784
-0.035705366418209775
-0.5253485503906784
-0.035705366418209775
2.2421998807580574
-2.1645887749941606
0.6029596561545755
-0.035705366418209775
0.00687230175330924
-0.035705366418209775
0.8158479970121704
0.922292167440968
-0.3550378777046023
0.4965154857257779
0.2836271448681828
-0.8872587298485901
0.2836271448681828
2.093178042157741
-0.9937029002773876
-0.8872587298485901
-0.8872587298485901
0.8158479970121704
1.6674013604425506
-2.1645887749941606
0.7094038265833729
-0.5679262185621974
0.07073880401058776
2.252844297800937
1.0287363378697654
0.2836271448681828
1.773845530871348
-0.3550378777046023
1.6674013604425506
0.922292167440968
-1.1001470707061851
-1.4194795819925776
-1.8452562637077679
-0.035705366418209775
0.4326489834684994
0.6455373243260945
-1.3769019138210588
0.7094038265833729
0.00687230175330924
-0.14214953684700732
-0.5679262185621974
0.4965154857257779
0.2836271448681828
1.0287363378697654
-0.035705366418209775
-0.035705366418209775
1.348068849156158
-0.7808145594197925
1.6674013604425506
1.135180508298563
1.773845530871348
0.17718297443938527
0.8158479970121704
1.4545130195849556
0.8158479970121704
-0.6743703889909949
-0.035705366418209775
0.8158479970121704
-0.3550378777046023
1.348068849156158
-1.2065912411349826
-1.3130354115637801
-0.4614820481333999
-0.6211483037765961
1.2416246787273606
-2.3774771158517556
0.4965154857257779
-0.6743703889909949
-0.20601603910428584
-0.035705366418209775
-0.5679262185621974
-1.5259237524213753
-1.2065912411349826
-0.035705366418209775
0.539093153897297
-0.6317927208194759
0.00687230175330924
0.00687230175330924
-1.9517004341365654
0.4965154857257779
-0.4614820481333999
1.2416246787273606
1.2416246787273606
-2.3774771158517556
1.773845530871348
-0.035705366418209775
-0.035705366418209775
-1.3130354115637801
-0.9937029002773876
0.2836271448681828
-0.24859370727580485
0.8158479970121704
-0.4614820481333999
-0.6743703889909949
-0.6743703889909949
0.2836271448681828
-1.5259237524213753
2.518954723872931
-0.14214953684700732
0.17718297443938527
-1.7388120932789703
0.7094038265833729
-0.14214953684700732
0.9755142526553667
-0.035705366418209775
0.922292167440968
-0.035705366418209775
1.560957190013753
1.3906465173276772
-0.035705366418209775
-0.6743703889909949
-1.1001470707061851
0.07073880401058776
-0.035705366418209775
0.00687230175330924
0.00687230175330924
-0.035705366418209775
-0.035705366418209775
-0.7808145594197925
-0.8872587298485901
0.07073880401058776
0.07073880401058776
-0.035705366418209775
-0.3550378777046023
0.17718297443938527
-0.4614820481333999
-0.24859370727580485
1.348068849156158
-0.035705366418209775
-0.035705366418209775
-0.4614820481333999
-0.8872587298485901
-0.8872587298485901
0.2836271448681828
1.135180508298563
-0.14214953684700732
1.135180508298563
0.922292167440968
-1.2065912411349826
1.6674013604425506
-1.8452562637077679
2.306066383015336
-0.7808145594197925
0.1239608892249865
-0.035705366418209775
-1.5259237524213753
-0.5679262185621974
0.4326489834684994
-0.035705366418209775
1.4545130195849556
1.2416246787273606
1.773845530871348
2.4125105534441333
-1.3130354115637801
-0.035705366418209775
-0.035705366418209775
-0.8872587298485901
-0.035705366418209775
0.7094038265833729
-0.6743703889909949
-0.5679262185621974
0.4965154857257779
2.306066383015336
-0.3550378777046023
1.4545130195849556
-0.9937029002773876
-1.9517004341365654
-1.4194795819925776
-0.7808145594197925
0.39007131529698036
-0.035705366418209775
-0.035705366418209775
1.4545130195849556
-1.3130354115637801
1.2416246787273606
-1.1001470707061851
-0.3550378777046023
-0.4614820481333999
-0.14214953684700732
1.9867338717289433
0.07073880401058776
-0.5679262185621974
-0.8872587298485901
-0.6211483037765961
-0.035705366418209775
-0.24859370727580485
0.17718297443938527
-0.0995718686754883
-0.14214953684700732
-0.035705366418209775
-0.9937029002773876
-0.035705366418209775
-0.7808145594197925
-3.7612513314261236
-0.035705366418209775
-0.035705366418209775
1.0287363378697654
-0.035705366418209775
-0.035705366418209775
-1.5259237524213753
-0.7808145594197925
-1.3130354115637801
1.4545130195849556
-0.035705366418209775
2.4550882216156524
0.922292167440968
2.1996222125865383
-0.3550378777046023
0.8158479970121704
1.4545130195849556
0.922292167440968
-0.035705366418209775
-0.14214953684700732
-0.24859370727580485
1.560957190013753
-1.6323679228501728
1.8802897013001456
0.4965154857257779
1.2416246787273606
-0.7808145594197925
-0.7808145594197925
-0.9937029002773876
0.4965154857257779
-0.8340366446341912
-0.035705366418209775
1.773845530871348
1.135180508298563
-0.035705366418209775
-0.7808145594197925
-0.14214953684700732
-0.035705366418209775
-0.035705366418209775
-0.035705366418209775
0.17718297443938527
-0.035705366418209775
1.348068849156158
0.39007131529698036
-1.2065912411349826
-1.2065912411349826
0.2836271448681828
-0.5253485503906784
1.4970906877564747
-0.24859370727580485
-0.035705366418209775
1.2842023468988795
-1.9517004341365654
1.4545130195849556
-0.035705366418209775
-0.31246020953308334
-0.3550378777046023
-0.24859370727580485
-0.035705366418209775
0.00687230175330924
-0.035705366418209775
-1.4194795819925776
-0.5679262185621974
-0.3550378777046023
2.518954723872931
1.135180508298563
0.922292167440968
1.2416246787273606
0.8158479970121704
0.17718297443938527
1.5077351047993544
-0.035705366418209775
-1.3130354115637801
-0.0995718686754883
0.4965154857257779
-1.6323679228501728
-0.035705366418209775
-0.035705366418209775
1.135180508298563
0.922292167440968
-1.5259237524213753
-0.035705366418209775
-0.035705366418209775
0.39007131529698036
-0.035705366418209775
-0.6743703889909949
-0.41890437996188085
-0.20601603910428584
0.39007131529698036
-0.4614820481333999
0.2836271448681828
-0.035705366418209775
-0.5253485503906784
-2.1645887749941606
-0.035705366418209775
0.07073880401058776
1.2416246787273606
-0.20601603910428584
-0.035705366418209775
-0.035705366418209775
1.4545130195849556
1.6674013604425506
-0.14214953684700732
-0.5679262185621974
-0.4614820481333999
-1.3130354115637801
-0.4614820481333999
-1.1001470707061851
1.4545130195849556
-0.3550378777046023
2.252844297800937
-0.035705366418209775
1.348068849156158
-0.035705366418209775
0.39007131529698036
0.07073880401058776
-0.035705366418209775
-0.6743703889909949
-1.7388120932789703
-1.4194795819925776
0.07073880401058776
0.39007131529698036
-0.035705366418209775
-0.3550378777046023
1.135180508298563
-0.035705366418209775
-0.6317927208194759
-0.035705366418209775
0.39007131529698036
-0.5679262185621974
1.4545130195849556
-0.24859370727580485
-0.8872587298485901
-0.035705366418209775
-0.035705366418209775
1.348068849156158
1.8802897013001456
0.922292167440968
-0.9937029002773876
0.4965154857257779
-1.4194795819925776
-0.3550378777046023
0.07073880401058776
-1.8452562637077679
-0.6743703889909949
0.17718297443938527
-0.5679262185621974
1.0287363378697654
-1.1001470707061851
-0.5679262185621974
-0.035705366418209775
-0.035705366418209775
-0.7808145594197925
0.6029596561545755
-0.3550378777046023
-0.7808145594197925
-0.8872587298485901
-0.14214953684700732
2.093178042157741
0.8158479970121704
-0.035705366418209775
0.11331647218210676
0.2836271448681828
1.135180508298563
-0.035705366418209775
1.2416246787273606
1.6674013604425506
-0.035705366418209775
-0.035705366418209775
0.922292167440968
-0.7808145594197925
0.6029596561545755
-0.035705366418209775
-0.035705366418209775
0.6029596561545755
-0.035705366418209775
0.07073880401058776
0.2836271448681828
-1.5259237524213753
0.2836271448681828
1.348068849156158
0.2836271448681828
1.0287363378697654
1.9867338717289433
-0.14214953684700732
0.7094038265833729
0.39007131529698036
0.7094038265833729
1.135180508298563
0.17718297443938527
-0.035705366418209775
-0.035705366418209775
-1.8452562637077679
-0.14214953684700732
-0.6743703889909949
0.4965154857257779
-0.8872587298485901
-0.5679262185621974
0.7094038265833729
-0.5679262185621974
-0.035705366418209775
-0.0995718686754883
-3.4419188201397306
-1.8452562637077679
0.00687230175330924
-2.228455277251439
1.135180508298563
0.39007131529698036
-0.035705366418209775
-0.5679262185621974
2.1996222125865383
-0.035705366418209775
-0.035705366418209775
0.7094038265833729
-0.8872587298485901
0.6029596561545755
1.2416246787273606
0.6029596561545755
-0.3550378777046023
1.773845530871348
0.17718297443938527
-0.8872587298485901
-0.035705366418209775
-0.8872587298485901
0.6029596561545755
0.8158479970121704
0.39007131529698036
0.4965154857257779
0.07073880401058776
-0.24859370727580485
-0.035705366418209775
-0.035705366418209775
-1.8452562637077679
0.17718297443938527
-2.909697967995743
0.17718297443938527
-1.4194795819925776
0.39007131529698036
-1.6323679228501728
0.07073880401058776
-0.035705366418209775
-1.5897902546786538
0.00687230175330924
-1.3769019138210588
-0.035705366418209775
0.21976064261090428
-0.7808145594197925
0.07073880401058776
-0.4614820481333999
0.6029596561545755
1.0287363378697654
-0.035705366418209775
0.4965154857257779
0.2836271448681828
1.135180508298563
-0.7808145594197925
1.9867338717289433
-1.1001470707061851
0.6029596561545755
0.6029596561545755
-1.4194795819925776
0.4965154857257779
-1.1001470707061851
2.1996222125865383
-1.2065912411349826
-2.1645887749941606
0.17718297443938527
-0.14214953684700732
0.4965154857257779
0.07073880401058776
-0.035705366418209775
-0.035705366418209775
1.4545130195849556
0.39007131529698036
1.135180508298563
0.17718297443938527
0.7094038265833729
-0.7808145594197925
-0.24859370727580485
1.0287363378697654
-0.035705366418209775
0.539093153897297
-1.9091227659650463
0.11331647218210676
-0.035705366418209775
-0.035705366418209775
-0.035705366418209775
0.7094038265833729
-1.1640135729634635
-0.035705366418209775
-0.035705366418209775
-2.058144604565363
-0.4614820481333999
-0.24859370727580485
0.7094038265833729
-0.035705366418209775
0.922292167440968
-1.3130354115637801
0.07073880401058776
-0.7808145594197925
-0.3550378777046023
0.6029596561545755
1.135180508298563
0.4965154857257779
1.2416246787273606
-0.4614820481333999
-0.7808145594197925
0.922292167440968
2.093178042157741
-0.6743703889909949
-0.035705366418209775
-0.035705366418209775
0.07073880401058776
-0.14214953684700732
-0.6743703889909949
0.8158479970121704
-0.3550378777046023
1.4545130195849556
-0.8872587298485901
0.7094038265833729
-0.035705366418209775
0.00687230175330924
0.00687230175330924
-1.8026785955362488
-0.035705366418209775
-0.035705366418209775
-0.8872587298485901
-0.5679262185621974
-1.5259237524213753
0.7094038265833729
0.7094038265833729
0.4965154857257779
-0.035705366418209775
-0.7808145594197925
0.39007131529698036
1.348068849156158
1.0287363378697654
0.17718297443938527
0.2836271448681828
1.4545130195849556
-0.9937029002773876
-0.5679262185621974
-0.035705366418209775
0.6029596561545755
0.7094038265833729
0.4965154857257779
-0.6743703889909949
0.4965154857257779
1.135180508298563
-0.3550378777046023
-0.035705366418209775
-0.035705366418209775
1.0287363378697654
-0.24859370727580485
-0.3550378777046023
0.17718297443938527
-1.1001470707061851
0.7094038265833729
-1.3130354115637801
-0.6743703889909949
-0.035705366418209775
-0.035705366418209775
-0.035705366418209775
-0.6317927208194759
-0.035705366418209775
0.8158479970121704
-1.3769019138210588
0.6029596561545755
-2.483921286280553
1.135180508298563
0.7094038265833729
0.39007131529698036
0.17718297443938527
1.9867338717289433
-0.8872587298485901
-0.3550378777046023
-0.3550378777046023
0.922292167440968
0.2836271448681828
0.2836271448681828
-2.696809627138148
-0.035705366418209775
-0.035705366418209775
0.39007131529698036
0.6029596561545755
0.39007131529698036
-0.035705366418209775
0.07073880401058776
0.17718297443938527
-0.9937029002773876
-0.035705366418209775
-0.035705366418209775
0.2836271448681828
-0.7808145594197925
0.922292167440968
0.922292167440968
0.07073880401058776
-0.14214953684700732
0.17718297443938527
1.135180508298563
-0.035705366418209775
-0.6743703889909949
-0.4614820481333999
0.32620481303970184
-0.035705366418209775
0.4326489834684994
0.00687230175330924
0.751981494754892
-0.035705366418209775
-0.035705366418209775
0.922292167440968
-0.24859370727580485
0.6029596561545755
-2.1645887749941606
-0.6743703889909949
-0.24859370727580485
1.6674013604425506
-1.9517004341365654
-0.14214953684700732
0.39007131529698036
0.11331647218210676
-2.058144604565363
-0.035705366418209775
-0.035705366418209775
0.17718297443938527
-0.6743703889909949
-0.5679262185621974
-0.9937029002773876
0.17718297443938527
2.4125105534441333
-0.035705366418209775
-0.035705366418209775
-0.8872587298485901
-0.035705366418209775
-0.9937029002773876
-0.4614820481333999
1.135180508298563
2.4125105534441333
1.2416246787273606
-1.1001470707061851
-0.035705366418209775
-1.8452562637077679
-1.1640135729634635
-0.035705366418209775
-0.035705366418209775
1.0713140060412845
-0.035705366418209775
0.922292167440968
-0.035705366418209775
-0.035705366418209775
0.39007131529698036
0.7094038265833729
0.4965154857257779
0.8158479970121704
-0.4614820481333999
-0.7808145594197925
0.7094038265833729
-0.5679262185621974
0.8158479970121704
1.4545130195849556
0.00687230175330924
1.6035348581852722
-0.035705366418209775
-0.035705366418209775
-0.035705366418209775
2.8382872351593234
1.6674013604425506
0.07073880401058776
-0.8872587298485901
-0.6743703889909949
-0.035705366418209775
-0.035705366418209775
-0.5679262185621974
0.07073880401058776
-0.8872587298485901
-0.035705366418209775
1.348068849156158
0.4965154857257779
1.0287363378697654
1.135180508298563
-0.035705366418209775
0.751981494754892
0.751981494754892
-1.1001470707061851
-0.035705366418209775
0.751981494754892
-0.035705366418209775
-0.035705366418209775
-0.7808145594197925
0.7094038265833729
-0.035705366418209775
-0.7808145594197925
0.7094038265833729
0.17718297443938527
0.6029596561545755
1.560957190013753
-0.5679262185621974
0.07073880401058776
-0.5679262185621974
3.1576197464457163
1.348068849156158
-1.8452562637077679
-0.035705366418209775
-0.035705366418209775
-0.4614820481333999
-0.8872587298485901
2.1996222125865383
-0.9937029002773876
0.07073880401058776
0.39007131529698036
-0.035705366418209775
-0.035705366418209775
-1.7388120932789703
-0.14214953684700732
1.2416246787273606
0.17718297443938527
-0.4614820481333999
-0.8872587298485901
-0.8872587298485901
-0.6743703889909949
-1.8452562637077679
0.6455373243260945
0.00687230175330924
1.560957190013753
-0.3550378777046023
-0.035705366418209775
-0.035705366418209775
-0.24859370727580485
1.773845530871348
0.7094038265833729
-0.8872587298485901
-1.4194795819925776
-0.035705366418209775
-1.3130354115637801
-0.035705366418209775
0.2836271448681828
-0.14214953684700732
0.8158479970121704
1.135180508298563
1.348068849156158
0.17718297443938527
-0.24859370727580485
1.348068849156158
-0.035705366418209775
1.135180508298563
0.39007131529698036
-1.3130354115637801
-1.6323679228501728
0.07073880401058776
-0.9937029002773876
-0.035705366418209775
-0.035705366418209775
-2.058144604565363
0.2836271448681828
0.39007131529698036
0.07073880401058776
0.8158479970121704
-0.14214953684700732
0.17718297443938527
-0.035705366418209775
0.6455373243260945
0.11331647218210676
0.8158479970121704
0.17718297443938527
1.348068849156158
-1.2065912411349826
-0.035705366418209775
-0.035705366418209775
-0.6743703889909949
-0.7808145594197925
1.348068849156158
0.17718297443938527
-0.3550378777046023
0.4965154857257779
-0.6743703889909949
1.348068849156158
-1.7388120932789703
0.8158479970121704
-1.5259237524213753
-1.1001470707061851
-1.3130354115637801
0.922292167440968
0.964869835612487
-0.035705366418209775
-0.4614820481333999
-0.5679262185621974
0.4965154857257779
-3.2290304792821356
-0.3550378777046023
-1.7388120932789703
-0.035705366418209775
-0.035705366418209775
1.0287363378697654
0.6029596561545755
3.5833964281609063
0.6029596561545755
-0.6743703889909949
0.922292167440968
0.39007131529698036
-0.035705366418209775
-0.046349783461089526
0.48587106868289814
-1.1001470707061851
-0.6743703889909949
0.2836271448681828
-0.6743703889909949
1.4545130195849556
1.8802897013001456
-0.035705366418209775
-0.035705366418209775
0.7094038265833729
-2.5903654567093506
0.39007131529698036
-0.035705366418209775
0.17718297443938527
-0.6743703889909949
1.4545130195849556
-1.2065912411349826
0.7094038265833729
-1.4194795819925776
-0.7808145594197925
-0.6743703889909949
0.07073880401058776
0.2836271448681828
0.7094038265833729
1.348068849156158
2.1996222125865383
-0.3550378777046023
-2.3774771158517556
0.17718297443938527
-0.3550378777046023
1.7632011138284684
0.6987594095404931
-0.41890437996188085
0.1239608892249865
-1.8984783489221666
-0.035705366418209775
0.2836271448681828
-0.7808145594197925
-0.7808145594197925
-0.035705366418209775
0.07073880401058776
-0.7808145594197925
-0.035705366418209775
1.0819584230841643
3.210841831660115
0.9755142526553667
-1.4727016672069764
-1.579145837635774
2.252844297800937
-0.6211483037765961
0.9755142526553667
0.1239608892249865
-0.6211483037765961
-0.8340366446341912
1.5077351047993544
2.252844297800937
-0.035705366418209775
-0.035705366418209775
-0.035705366418209775
-0.035705366418209775
-0.035705366418209775
-0.035705366418209775
-0.035705366418209775
-0.035705366418209775
-0.035705366418209775
-0.035705366418209775
-0.035705366418209775
-0.035705366418209775
-0.3550378777046023
-0.08892745163260855
