-0.47187874746056885
-1.4322018153019707
-1.4322018153019707
-1.4322018153019707
-1.4322018153019707
-1.4322018153019707
0.008282786460132063
0.5524658582369264
0.008282786460132063
1.1286596989417677
0.5204550893088797
0.008282786460132063
-1.5602448910141575
0.9045843164454405
0.23235816895645917
-0.47187874746056885
0.008282786460132063
0.5844766271649732
-0.47187874746056885
-0.2798141338922885
0.48844432038083296
0.840562778589347
-0.47187874746056885
0.61648739609302
-0.47187874746056885
0.7765412407332536
-0.3438356717483819
0.5844766271649732
-0.1517710581801016
0.23235816895645917
0.10431509324427225
0.008282786460132063
-0.47187874746056885
0.7765412407332536
0.42442278252473953
-0.21579259603619502
-0.47187874746056885
0.3283904757405993
-3.1287725684884475
-2.6166002656397
-0.47187874746056885
0.9365950853734871
-1.176115663877597
-0.3758464406764287
-1.3681802774458773
0.9045843164454405
0.1683366311003657
0.008282786460132063
0.9045843164454405
0.008282786460132063
0.008282786460132063
0.008282786460132063
-0.1517710581801016
-1.7202987356543913
-1.9123633492226717
-1.5282341220861109
0.45643355145278625
-0.3438356717483819
1.1286596989417677
-0.4078572096044754
0.13632586217231898
0.13632586217231898
0.9686058543015339
0.45643355145278625
0.23235816895645917
-0.47187874746056885
-0.24780336496424177
-0.3118249028203352
-0.47187874746056885
-0.4078572096044754
0.04029355538817879
0.3604012446686461
-0.21579259603619502
0.1683366311003657
0.1683366311003657
0.9686058543015339
-0.47187874746056885
0.48844432038083296
-1.5602448910141575
-3.4808910266969617
-0.47187874746056885
0.5844766271649732
-1.0800833570934567
0.13632586217231898
-1.4322018153019707
-1.0160618192373632
1.416756619294188
0.008282786460132063
0.2963797068125526
1.544799695006375
1.8328966153587956
0.07230432431622552
0.008282786460132063
-0.1517710581801016
-1.624266428870251
-0.1517710581801016
-0.1517710581801016
-0.47187874746056885
0.9686058543015339
1.0326273921576274
-0.023727982467914664
0.2963797068125526
-0.47187874746056885
1.064638161085674
0.04029355538817879
0.3604012446686461
0.10431509324427225
-0.1517710581801016
0.9686058543015339
0.5844766271649732
0.5844766271649732
-0.47187874746056885
1.1606704678698143
0.8085520096613003
-0.43986797853252213
0.61648739609302
0.6484981650210666
-0.2798141338922885
0.04029355538817879
-1.6882879667263446
-0.47187874746056885
-0.11976028925205486
-0.7599756678129894
-1.3361695085178305
-1.0800833570934567
1.5127889260783283
0.20034740002841242
0.10431509324427225
1.1606704678698143
0.3283904757405993
0.008282786460132063
0.008282786460132063
0.008282786460132063
0.48844432038083296
-1.8163310424385315
0.48844432038083296
0.48844432038083296
0.7765412407332536
0.48844432038083296
-0.47187874746056885
-0.47187874746056885
1.2567027746539545
0.10431509324427225
1.064638161085674
-0.023727982467914664
0.71251970287716
0.71251970287716
-0.4078572096044754
0.13632586217231898
0.2963797068125526
0.2643689378845059
-0.47187874746056885
-0.43986797853252213
0.2963797068125526
-0.11976028925205486
0.10431509324427225
-0.24780336496424177
0.2963797068125526
0.45643355145278625
1.0966489300137208
-0.47187874746056885
0.20034740002841242
-0.3118249028203352
-1.4322018153019707
-0.1837818271081483
-1.2081264328056436
1.544799695006375
0.07230432431622552
1.192681236797861
0.008282786460132063
1.6408320017905151
1.8328966153587956
1.2567027746539545
1.1286596989417677
0.48844432038083296
1.7048535396466087
0.48844432038083296
-0.47187874746056885
-0.47187874746056885
0.5844766271649732
-0.47187874746056885
1.0966489300137208
-0.3438356717483819
-0.1517710581801016
0.23235816895645917
-0.08774952032400812
0.13632586217231898
0.8725735475173937
0.23235816895645917
-0.05573875139596139
0.13632586217231898
-0.1837818271081483
0.04029355538817879
0.23235816895645917
0.2963797068125526
0.6484981650210666
0.8085520096613003
0.7765412407332536
-0.21579259603619502
0.2643689378845059
-0.47187874746056885
-1.4322018153019707
-1.4322018153019707
0.2643689378845059
-0.05573875139596139
-0.5999218231727558
-1.4322018153019707
1.5768104639344218
1.0966489300137208
0.840562778589347
0.008282786460132063
0.008282786460132063
0.8085520096613003
1.064638161085674
1.672842770718562
0.8085520096613003
0.8725735475173937
0.008282786460132063
-0.47187874746056885
0.07230432431622552
-0.4078572096044754
0.2643689378845059
0.10431509324427225
1.0326273921576274
-0.47187874746056885
1.0006166232295806
-0.21579259603619502
-0.24780336496424177
0.9045843164454405
0.13632586217231898
-0.3758464406764287
-0.47187874746056885
-0.24780336496424177
0.8725735475173937
0.45643355145278625
0.48844432038083296
0.45643355145278625
0.3283904757405993
0.2963797068125526
-0.3118249028203352
-0.47187874746056885
-0.11976028925205486
0.9686058543015339
-0.3758464406764287
-1.4322018153019707
-0.3438356717483819
-1.2081264328056436
-1.3681802774458773
0.7765412407332536
0.7765412407332536
0.6805089339491134
0.2643689378845059
0.5844766271649732
0.7445304718052068
0.5524658582369264
0.008282786460132063
-1.752309504582438
0.008282786460132063
-0.47187874746056885
0.840562778589347
-0.43986797853252213
0.8085520096613003
0.9045843164454405
-0.47187874746056885
-0.2798141338922885
-0.11976028925205486
0.840562778589347
-0.11976028925205486
1.192681236797861
-0.24780336496424177
-0.2798141338922885
-0.47187874746056885
1.064638161085674
1.0326273921576274
-0.3758464406764287
0.23235816895645917
0.9365950853734871
-0.47187874746056885
-0.4078572096044754
1.1286596989417677
-0.47187874746056885
-0.11976028925205486
0.42442278252473953
-1.4322018153019707
-1.4322018153019707
-0.47187874746056885
0.9045843164454405
2.0569719978551224
0.13632586217231898
1.6408320017905151
0.2643689378845059
0.5844766271649732
1.1606704678698143
2.1850150735673095
0.48844432038083296
-0.47187874746056885
0.61648739609302
1.672842770718562
0.5524658582369264
-0.47187874746056885
-0.3118249028203352
-0.47187874746056885
-0.47187874746056885
1.7368643085746553
0.008282786460132063
-0.47187874746056885
0.7445304718052068
1.1606704678698143
-0.47187874746056885
-0.47187874746056885
0.3283904757405993
0.6484981650210666
-0.4078572096044754
0.20034740002841242
0.2963797068125526
0.008282786460132063
0.5204550893088797
0.13632586217231898
0.8085520096613003
-0.43986797853252213
-0.47187874746056885
-0.47187874746056885
-0.47187874746056885
0.840562778589347
1.6408320017905151
-0.47187874746056885
0.6805089339491134
-0.47187874746056885
1.7368643085746553
0.008282786460132063
0.3283904757405993
0.008282786460132063
0.48844432038083296
0.3604012446686461
0.008282786460132063
-0.47187874746056885
0.6484981650210666
0.6805089339491134
-0.47187874746056885
-0.1517710581801016
1.192681236797861
0.008282786460132063
0.9686058543015339
0.71251970287716
0.008282786460132063
0.008282786460132063
-0.47187874746056885
-0.3758464406764287
0.7445304718052068
0.840562778589347
0.6484981650210666
1.0006166232295806
0.23235816895645917
-0.21579259603619502
-0.47187874746056885
-0.47187874746056885
0.20034740002841242
-0.43986797853252213
1.0966489300137208
-0.47187874746056885
-0.47187874746056885
1.2887135435820012
-0.21579259603619502
-0.08774952032400812
0.04029355538817879
0.2643689378845059
-1.0160618192373632
-1.2401372017336902
0.008282786460132063
0.008282786460132063
-0.47187874746056885
-0.47187874746056885
1.800885846430749
0.008282786460132063
0.008282786460132063
0.008282786460132063
-0.47187874746056885
-0.47187874746056885
0.71251970287716
2.6651766074880103
0.20034740002841242
0.008282786460132063
2.345068918207543
0.008282786460132063
0.008282786460132063
-1.752309504582438
0.008282786460132063
-0.47187874746056885
0.8085520096613003
0.1683366311003657
0.2963797068125526
-0.24780336496424177
-0.05573875139596139
-0.47187874746056885
0.008282786460132063
-0.05573875139596139
0.8725735475173937
-0.47187874746056885
0.9686058543015339
-0.47187874746056885
-0.47187874746056885
0.8085520096613003
-0.47187874746056885
0.10431509324427225
-1.2401372017336902
-1.4322018153019707
-1.4322018153019707
0.6805089339491134
1.192681236797861
0.7445304718052068
0.008282786460132063
-0.11976028925205486
-4.825343321674924
0.20034740002841242
0.008282786460132063
1.6408320017905151
0.008282786460132063
-0.47187874746056885
-0.47187874746056885
-0.47187874746056885
0.6805089339491134
0.008282786460132063
-2.9046971859921205
0.008282786460132063
-1.4322018153019707
-0.8880187435251763
1.3527350814380947
0.10431509324427225
0.9365950853734871
1.6408320017905151
1.3527350814380947
0.008282786460132063
-0.47187874746056885
0.2963797068125526
-0.47187874746056885
0.8725735475173937
0.8725735475173937
0.6805089339491134
0.10431509324427225
0.5524658582369264
-0.47187874746056885
-0.4078572096044754
-0.11976028925205486
-1.4322018153019707
-1.3041587395897838
-0.023727982467914664
-0.9840510503093165
-1.1441048949495503
0.61648739609302
1.6088212328624685
0.008282786460132063
-1.6882879667263446
-1.6562771977982977
0.008282786460132063
-0.1517710581801016
-0.47187874746056885
1.0006166232295806
-0.47187874746056885
-0.43986797853252213
2.37707968713559
1.544799695006375
0.008282786460132063
-1.4642125842300173
0.2963797068125526
0.7445304718052068
5.642178117796356
1.3847458503661414
0.8725735475173937
0.48844432038083296
1.9289289221429358
0.48844432038083296
-0.47187874746056885
-0.3758464406764287
1.2246920057259076
0.20034740002841242
-0.2798141338922885
1.0006166232295806
-0.08774952032400812
-0.1517710581801016
-0.47187874746056885
-0.47187874746056885
-0.47187874746056885
1.0006166232295806
-1.0800833570934567
-1.4322018153019707
-0.6319325921008025
0.2963797068125526
-0.8239972056690829
1.3527350814380947
0.008282786460132063
0.61648739609302
-0.1517710581801016
-0.47187874746056885
0.04029355538817879
-0.47187874746056885
0.5204550893088797
0.1683366311003657
0.71251970287716
1.0326273921576274
0.5844766271649732
-0.47187874746056885
0.1683366311003657
0.008282786460132063
-1.5602448910141575
-1.2721479706617371
-1.5602448910141575
-3.5769233334811017
0.71251970287716
1.768875077502702
0.48844432038083296
-0.47187874746056885
0.2963797068125526
1.0006166232295806
0.7445304718052068
-0.47187874746056885
-0.24780336496424177
-0.7599756678129894
-1.4322018153019707
-1.4322018153019707
-1.4322018153019707
-0.47187874746056885
-0.3118249028203352
-0.023727982467914664
-1.4322018153019707
0.2643689378845059
-1.4322018153019707
0.04029355538817879
-0.7279648988849426
0.5204550893088797
0.008282786460132063
-1.8803525802946248
-0.47187874746056885
-0.47187874746056885
-0.47187874746056885
-0.4078572096044754
0.7445304718052068
-0.2798141338922885
1.0326273921576274
0.23235816895645917
-0.4078572096044754
-0.47187874746056885
-3.2568156442006346
0.13632586217231898
-0.1517710581801016
-2.71263257242384
-1.6562771977982977
-0.1517710581801016
-0.47187874746056885
0.20034740002841242
0.48844432038083296
-0.47187874746056885
0.9365950853734871
0.6484981650210666
-0.43986797853252213
-0.3118249028203352
-0.1837818271081483
0.1683366311003657
-0.8239972056690829
-0.1837818271081483
1.1286596989417677
-1.4322018153019707
-0.47187874746056885
-0.21579259603619502
-1.176115663877597
-1.3681802774458773
-0.1837818271081483
3.977618133537926
1.6088212328624685
0.008282786460132063
-0.47187874746056885
-3.2888264131286813
-0.47187874746056885
0.3924120135966928
-0.21579259603619502
0.04029355538817879
-0.47187874746056885
0.8725735475173937
0.008282786460132063
-0.08774952032400812
-0.47187874746056885
-0.3758464406764287
-0.4078572096044754
-3.064751030632354
0.008282786460132063
-0.1517710581801016
-0.1517710581801016
-0.47187874746056885
0.1683366311003657
-0.21579259603619502
-0.47187874746056885
0.71251970287716
1.0326273921576274
1.0326273921576274
-0.47187874746056885
-0.4078572096044754
-0.47187874746056885
-1.2721479706617371
-0.4078572096044754
-1.4322018153019707
1.8328966153587956
-1.400191046373924
-0.47187874746056885
0.10431509324427225
1.672842770718562
-0.4078572096044754
-0.43986797853252213
1.8649073842868422
1.3527350814380947
-0.47187874746056885
-0.47187874746056885
-1.624266428870251
-1.4322018153019707
-0.47187874746056885
0.3283904757405993
0.61648739609302
-0.47187874746056885
0.71251970287716
-0.47187874746056885
0.9686058543015339
1.0006166232295806
-0.3438356717483819
-0.08774952032400812
-0.2798141338922885
0.3604012446686461
-0.47187874746056885
0.8085520096613003
0.008282786460132063
0.008282786460132063
-0.47187874746056885
0.2643689378845059
-0.43986797853252213
-0.1517710581801016
1.0966489300137208
-0.08774952032400812
0.2643689378845059
0.42442278252473953
-0.5359002853166623
-0.7279648988849426
-0.8560079745971296
0.45643355145278625
-1.0160618192373632
-1.4322018153019707
-1.4322018153019707
-0.47187874746056885
-0.3438356717483819
-0.47187874746056885
-0.47187874746056885
-0.2798141338922885
-0.47187874746056885
0.04029355538817879
-0.47187874746056885
-1.4322018153019707
-0.47187874746056885
0.6484981650210666
-0.47187874746056885
-0.47187874746056885
0.3924120135966928
2.4411012249916832
-0.21579259603619502
0.840562778589347
-0.3438356717483819
-0.47187874746056885
0.8085520096613003
-0.47187874746056885
-0.21579259603619502
0.48844432038083296
0.8085520096613003
-0.24780336496424177
0.2643689378845059
0.9686058543015339
1.064638161085674
-0.3118249028203352
-0.3118249028203352
0.3924120135966928
-0.3758464406764287
-0.2798141338922885
0.07230432431622552
-0.43986797853252213
-1.0160618192373632
-1.4322018153019707
-0.7919864367410362
-1.4322018153019707
-1.4322018153019707
-1.4322018153019707
-1.4322018153019707
-1.4322018153019707
-0.47187874746056885
0.20034740002841242
1.1286596989417677
0.8725735475173937
-0.47187874746056885
-1.400191046373924
-0.21579259603619502
-0.43986797853252213
0.3283904757405993
-0.3438356717483819
0.1683366311003657
-1.5922556599422044
-0.47187874746056885
-0.1517710581801016
1.6408320017905151
0.5844766271649732
-0.3758464406764287
-0.47187874746056885
-0.24780336496424177
-0.47187874746056885
1.1286596989417677
0.6805089339491134
1.0006166232295806
-0.47187874746056885
-0.1517710581801016
0.8725735475173937
1.064638161085674
0.23235816895645917
0.8725735475173937
-1.4322018153019707
-1.4322018153019707
-0.8560079745971296
-0.5359002853166623
-0.7279648988849426
-0.9200295124532231
-1.0160618192373632
-0.5038895163886156
-1.4322018153019707
-1.0160618192373632
-0.3758464406764287
-0.47187874746056885
1.8649073842868422
0.9045843164454405
0.008282786460132063
0.07230432431622552
3.3694135239050382
-3.5769233334811017
-0.47187874746056885
-2.7766541102799334
-0.47187874746056885
-2.872686417064074
0.48844432038083296
1.5127889260783283
0.48844432038083296
-0.1517710581801016
-0.47187874746056885
0.8725735475173937
0.42442278252473953
0.23235816895645917
0.13632586217231898
0.7765412407332536
-0.47187874746056885
0.008282786460132063
0.71251970287716
-0.3118249028203352
0.10431509324427225
0.1683366311003657
0.840562778589347
0.9045843164454405
-1.2721479706617371
0.07230432431622552
-1.4322018153019707
-0.05573875139596139
1.5768104639344218
-0.5038895163886156
0.23235816895645917
2.345068918207543
-0.1517710581801016
3.3694135239050382
0.1683366311003657
-0.47187874746056885
-0.47187874746056885
0.008282786460132063
0.008282786460132063
-1.624266428870251
-1.6562771977982977
-3.416869488840868
1.7368643085746553
-0.1517710581801016
0.04029355538817879
0.48844432038083296
1.9289289221429358
1.1606704678698143
2.2810473803514495
0.008282786460132063
-0.47187874746056885
1.0326273921576274
-0.47187874746056885
0.9686058543015339
0.5204550893088797
0.48844432038083296
-0.023727982467914664
0.23235816895645917
1.1606704678698143
0.3604012446686461
-0.2798141338922885
0.2963797068125526
0.48844432038083296
-0.4078572096044754
-0.8239972056690829
-1.0800833570934567
-1.4322018153019707
-1.4322018153019707
-0.05573875139596139
1.064638161085674
-0.47187874746056885
-0.05573875139596139
-0.47187874746056885
-3.192794106344541
-0.47187874746056885
-0.3438356717483819
-0.3438356717483819
0.04029355538817879
0.008282786460132063
-1.5282341220861109
-1.7843202735104846
-0.1517710581801016
-0.1517710581801016
-0.4078572096044754
0.5204550893088797
0.48844432038083296
1.9929504599990293
2.1850150735673095
0.48844432038083296
1.4487673882222347
0.008282786460132063
-0.47187874746056885
-0.47187874746056885
-0.43986797853252213
0.23235816895645917
-0.4078572096044754
1.2246920057259076
-0.47187874746056885
-0.47187874746056885
-0.47187874746056885
0.61648739609302
-0.43986797853252213
1.0006166232295806
-1.1441048949495503
-0.9520402813812697
-1.2081264328056436
-0.1517710581801016
-1.2721479706617371
1.0326273921576274
-0.47187874746056885
0.6484981650210666
0.3604012446686461
2.825230452128244
-1.5602448910141575
-0.47187874746056885
-0.47187874746056885
-0.43986797853252213
1.6088212328624685
0.008282786460132063
-0.1517710581801016
-0.1517710581801016
-1.4322018153019707
-0.47187874746056885
-0.47187874746056885
0.2643689378845059
3.2733812171208982
1.4487673882222347
1.3847458503661414
0.9686058543015339
0.1683366311003657
0.2643689378845059
0.5524658582369264
0.7445304718052068
0.008282786460132063
-0.47187874746056885
-0.1517710581801016
0.1683366311003657
-0.47187874746056885
0.9686058543015339
0.7445304718052068
-0.3758464406764287
0.9686058543015339
1.0966489300137208
-0.8560079745971296
-0.47187874746056885
-1.4322018153019707
-0.05573875139596139
-1.04807258816541
-1.3681802774458773
-0.47187874746056885
-0.47187874746056885
-0.2798141338922885
-3.2568156442006346
-0.47187874746056885
2.697187376416057
1.2567027746539545
0.840562778589347
2.9852842967684774
0.008282786460132063
0.008282786460132063
-1.4322018153019707
-1.2721479706617371
-0.47187874746056885
0.42442278252473953
1.4807781571502816
0.48844432038083296
1.3527350814380947
2.4090904560636366
0.48844432038083296
2.1530043046392624
0.008282786460132063
0.008282786460132063
0.20034740002841242
0.13632586217231898
1.416756619294188
0.48844432038083296
-0.47187874746056885
0.8725735475173937
-0.47187874746056885
0.9686058543015339
-0.3758464406764287
-0.4078572096044754
0.23235816895645917
-0.43986797853252213
0.10431509324427225
-0.43986797853252213
-1.4322018153019707
-1.3041587395897838
-1.3681802774458773
-0.47187874746056885
-0.47187874746056885
0.3283904757405993
-1.7202987356543913
-0.47187874746056885
1.7048535396466087
0.04029355538817879
0.008282786460132063
-0.47187874746056885
0.008282786460132063
0.008282786460132063
-0.3118249028203352
0.9045843164454405
0.008282786460132063
-0.47187874746056885
-0.43986797853252213
3.529467368545272
0.5844766271649732
1.7368643085746553
0.48844432038083296
-2.80866487920798
1.3527350814380947
1.3207243125100478
0.20034740002841242
2.4090904560636366
1.0006166232295806
1.5768104639344218
0.48844432038083296
-0.3758464406764287
0.7765412407332536
0.840562778589347
-0.24780336496424177
0.3604012446686461
0.008282786460132063
1.1286596989417677
-1.4322018153019707
-0.21579259603619502
-0.8880187435251763
-0.47187874746056885
-1.1120941260215034
-0.47187874746056885
0.20034740002841242
2.1530043046392624
-1.0800833570934567
-1.2721479706617371
0.20034740002841242
0.008282786460132063
-0.47187874746056885
0.9365950853734871
0.23235816895645917
0.008282786460132063
0.7445304718052068
0.6484981650210666
-0.4078572096044754
0.10431509324427225
1.1286596989417677
-3.929041791689616
-1.4642125842300173
0.48844432038083296
0.48844432038083296
-1.4642125842300173
0.008282786460132063
1.416756619294188
0.008282786460132063
-1.6562771977982977
0.9365950853734871
0.61648739609302
0.48844432038083296
-0.1517710581801016
-0.47187874746056885
-0.3758464406764287
-0.11976028925205486
0.3604012446686461
0.8085520096613003
1.3207243125100478
-0.3758464406764287
0.13632586217231898
-0.08774952032400812
-1.2401372017336902
1.192681236797861
-0.47187874746056885
-0.47187874746056885
-1.752309504582438
-0.023727982467914664
-1.04807258816541
0.008282786460132063
-0.47187874746056885
1.0006166232295806
1.896918153214889
0.008282786460132063
0.008282786460132063
-0.47187874746056885
1.3207243125100478
-0.47187874746056885
-0.47187874746056885
-3.096761799560401
-1.4322018153019707
0.5204550893088797
0.48844432038083296
1.4487673882222347
0.008282786460132063
-1.624266428870251
0.48844432038083296
0.48844432038083296
0.1683366311003657
2.0569719978551224
-1.8163310424385315
0.48844432038083296
-0.47187874746056885
0.9365950853734871
0.13632586217231898
-0.47187874746056885
-0.47187874746056885
-0.43986797853252213
-1.176115663877597
-1.3361695085178305
-1.2721479706617371
0.1683366311003657
-0.5038895163886156
2.1850150735673095
-0.47187874746056885
-0.5359002853166623
-1.4322018153019707
0.23235816895645917
-1.1120941260215034
-0.47187874746056885
0.1683366311003657
-0.47187874746056885
0.008282786460132063
0.23235816895645917
2.345068918207543
0.008282786460132063
-0.4078572096044754
1.6408320017905151
-0.47187874746056885
-1.752309504582438
-0.47187874746056885
1.2887135435820012
0.48844432038083296
2.1209935357112157
0.008282786460132063
1.0966489300137208
0.48844432038083296
-0.47187874746056885
0.7445304718052068
0.840562778589347
0.7445304718052068
-0.47187874746056885
0.6805089339491134
-0.47187874746056885
-0.47187874746056885
-0.1517710581801016
-0.1837818271081483
-0.2798141338922885
-0.1837818271081483
-0.695954129956896
-0.24780336496424177
-1.4322018153019707
-1.4322018153019707
-0.47187874746056885
-0.47187874746056885
-1.0800833570934567
-0.2798141338922885
-1.4322018153019707
0.10431509324427225
-0.3758464406764287
0.48844432038083296
2.47311199391973
1.2567027746539545
0.008282786460132063
-3.2888264131286813
1.1286596989417677
0.9686058543015339
0.71251970287716
1.9289289221429358
2.345068918207543
0.48844432038083296
-0.47187874746056885
0.1683366311003657
0.9045843164454405
0.9045843164454405
0.48844432038083296
-0.47187874746056885
1.0966489300137208
0.2963797068125526
-0.3758464406764287
0.13632586217231898
-0.1517710581801016
0.9365950853734871
1.0006166232295806
0.7445304718052068
1.0966489300137208
0.9045843164454405
-0.47187874746056885
0.8085520096613003
-1.0800833570934567
-0.1517710581801016
-0.4078572096044754
-0.3118249028203352
-0.47187874746056885
-0.47187874746056885
-1.400191046373924
-1.4322018153019707
-1.2721479706617371
0.9365950853734871
0.42442278252473953
0.5204550893088797
0.71251970287716
0.07230432431622552
0.008282786460132063
-1.400191046373924
-0.47187874746056885
0.008282786460132063
-0.1517710581801016
-3.192794106344541
1.3207243125100478
1.1606704678698143
0.48844432038083296
-0.023727982467914664
2.345068918207543
0.48844432038083296
-0.47187874746056885
0.7445304718052068
0.42442278252473953
0.8085520096613003
0.3924120135966928
0.1683366311003657
-0.1517710581801016
0.8085520096613003
1.0966489300137208
0.3924120135966928
-0.47187874746056885
-0.24780336496424177
0.61648739609302
1.2887135435820012
-0.023727982467914664
-0.21579259603619502
-0.3118249028203352
-1.176115663877597
-0.47187874746056885
-0.47187874746056885
-0.47187874746056885
1.0006166232295806
-1.04807258816541
0.9365950853734871
0.5524658582369264
0.20034740002841242
0.7765412407332536
1.3847458503661414
0.008282786460132063
-1.4642125842300173
-1.9443741181507184
-3.5129017956250084
0.48844432038083296
-1.4962233531580642
0.48844432038083296
1.896918153214889
1.2567027746539545
-0.08774952032400812
1.7048535396466087
-0.47187874746056885
1.0006166232295806
0.61648739609302
1.1286596989417677
-0.47187874746056885
0.7445304718052068
-0.43986797853252213
0.6805089339491134
1.2246920057259076
-0.47187874746056885
0.42442278252473953
-0.43986797853252213
1.0006166232295806
-0.47187874746056885
-1.400191046373924
-0.7919864367410362
-1.3681802774458773
-0.6319325921008025
-0.9520402813812697
-0.47187874746056885
-0.47187874746056885
0.6805089339491134
2.345068918207543
-0.5999218231727558
-0.5038895163886156
1.6088212328624685
0.5524658582369264
0.6484981650210666
2.0249612289270758
0.008282786460132063
-1.5922556599422044
-1.3681802774458773
-3.096761799560401
0.840562778589347
0.48844432038083296
-0.47187874746056885
0.45643355145278625
-2.7446433413518867
0.48844432038083296
-0.47187874746056885
-0.47187874746056885
-0.47187874746056885
-0.21579259603619502
0.9365950853734871
0.07230432431622552
1.1286596989417677
-0.3438356717483819
-0.05573875139596139
-0.47187874746056885
-0.43986797853252213
0.10431509324427225
0.7765412407332536
0.2643689378845059
0.04029355538817879
-0.567911054244709
-1.4322018153019707
0.10431509324427225
0.23235816895645917
-0.8880187435251763
-0.47187874746056885
-0.47187874746056885
0.5524658582369264
-0.4078572096044754
-1.3361695085178305
-0.5359002853166623
-0.3118249028203352
2.4411012249916832
0.008282786460132063
1.768875077502702
0.48844432038083296
-0.1517710581801016
-0.1517710581801016
-3.2248048752725875
0.48844432038083296
-0.47187874746056885
-0.43986797853252213
-0.3438356717483819
-0.3758464406764287
0.2643689378845059
0.13632586217231898
0.9365950853734871
0.2963797068125526
-0.47187874746056885
0.07230432431622552
1.1286596989417677
-0.11976028925205486
-0.47187874746056885
-0.2798141338922885
0.71251970287716
0.8725735475173937
0.48844432038083296
-0.47187874746056885
0.61648739609302
0.7765412407332536
-0.023727982467914664
-0.8239972056690829
-0.023727982467914664
-0.11976028925205486
-1.1120941260215034
-0.47187874746056885
-0.47187874746056885
0.8725735475173937
0.7445304718052068
0.10431509324427225
-0.5359002853166623
-0.47187874746056885
2.825230452128244
0.8085520096613003
0.2643689378845059
0.008282786460132063
-1.4322018153019707
-1.4322018153019707
-2.6806218034957934
0.48844432038083296
1.064638161085674
-2.7766541102799334
0.6484981650210666
-0.47187874746056885
0.7765412407332536
0.8085520096613003
0.3604012446686461
0.20034740002841242
1.064638161085674
-0.21579259603619502
-0.023727982467914664
-0.24780336496424177
0.8085520096613003
0.45643355145278625
-0.05573875139596139
0.48844432038083296
0.48844432038083296
-0.47187874746056885
0.71251970287716
0.42442278252473953
-0.6319325921008025
-0.9200295124532231
-1.3041587395897838
-1.1441048949495503
-1.4322018153019707
-0.47187874746056885
-0.47187874746056885
0.7765412407332536
0.3604012446686461
0.8725735475173937
2.37707968713559
1.672842770718562
2.1530043046392624
0.07230432431622552
1.7048535396466087
0.008282786460132063
-1.4322018153019707
-0.3118249028203352
-1.5602448910141575
0.48844432038083296
-1.5602448910141575
-0.1517710581801016
-1.4642125842300173
0.008282786460132063
-0.47187874746056885
0.5204550893088797
-0.43986797853252213
-0.2798141338922885
-0.47187874746056885
-0.3438356717483819
0.04029355538817879
0.5844766271649732
-0.08774952032400812
0.8725735475173937
1.896918153214889
-2.7446433413518867
0.48844432038083296
0.48844432038083296
-0.47187874746056885
0.61648739609302
0.42442278252473953
-0.8239972056690829
-0.7279648988849426
-1.400191046373924
-0.05573875139596139
-0.47187874746056885
-0.47187874746056885
-0.43986797853252213
0.04029355538817879
-0.47187874746056885
-0.7279648988849426
0.840562778589347
3.1133273724806645
1.0006166232295806
0.008282786460132063
0.008282786460132063
-1.04807258816541
-3.1287725684884475
-0.4078572096044754
0.48844432038083296
-3.0007294927762604
0.2643689378845059
0.9045843164454405
0.008282786460132063
-0.47187874746056885
-0.3758464406764287
0.3283904757405993
1.064638161085674
0.8085520096613003
0.71251970287716
-0.3438356717483819
0.5844766271649732
-0.4078572096044754
1.8328966153587956
1.6408320017905151
-0.1517710581801016
-1.4322018153019707
0.48844432038083296
-0.47187874746056885
-0.3758464406764287
1.8328966153587956
1.7368643085746553
-0.08774952032400812
-1.4322018153019707
-1.4322018153019707
-0.47187874746056885
-0.47187874746056885
-0.43986797853252213
-0.3438356717483819
-0.47187874746056885
0.2643689378845059
-0.6639433610288492
0.61648739609302
1.7048535396466087
1.7048535396466087
0.008282786460132063
-3.416869488840868
-1.5602448910141575
-1.2721479706617371
-1.4322018153019707
-1.5922556599422044
0.008282786460132063
-0.47187874746056885
1.0966489300137208
0.61648739609302
-0.47187874746056885
-0.47187874746056885
0.9045843164454405
0.48844432038083296
0.2963797068125526
0.9686058543015339
-0.47187874746056885
-0.08774952032400812
-0.43986797853252213
3.5614781374733187
1.896918153214889
0.9045843164454405
0.48844432038083296
-0.47187874746056885
0.61648739609302
-0.47187874746056885
1.7368643085746553
-1.2401372017336902
-1.2401372017336902
-0.5999218231727558
-0.47187874746056885
-0.47187874746056885
-0.47187874746056885
0.45643355145278625
-0.2798141338922885
-0.4078572096044754
-0.7599756678129894
0.5204550893088797
0.13632586217231898
0.13632586217231898
0.008282786460132063
-1.7202987356543913
-0.1517710581801016
0.04029355538817879
0.3924120135966928
0.008282786460132063
-0.47187874746056885
0.48844432038083296
1.2887135435820012
-0.05573875139596139
0.8725735475173937
0.6805089339491134
-0.47187874746056885
-0.21579259603619502
0.23235816895645917
-0.1517710581801016
-0.21579259603619502
0.8725735475173937
0.3604012446686461
0.7445304718052068
1.192681236797861
1.6088212328624685
1.6088212328624685
-0.47187874746056885
0.840562778589347
-0.2798141338922885
-0.24780336496424177
0.008282786460132063
-0.8880187435251763
-1.4322018153019707
-0.47187874746056885
-0.47187874746056885
-0.47187874746056885
-0.2798141338922885
-0.1837818271081483
0.9365950853734871
2.4090904560636366
0.10431509324427225
0.3604012446686461
0.008282786460132063
-1.624266428870251
-3.1287725684884475
0.7765412407332536
1.0966489300137208
1.2887135435820012
0.04029355538817879
0.008282786460132063
-0.47187874746056885
-0.47187874746056885
-0.47187874746056885
0.61648739609302
-0.21579259603619502
-0.24780336496424177
1.1606704678698143
-0.1517710581801016
1.0966489300137208
-0.47187874746056885
0.23235816895645917
-0.47187874746056885
-0.47187874746056885
0.10431509324427225
-0.05573875139596139
-1.624266428870251
-0.47187874746056885
-0.47187874746056885
0.10431509324427225
0.6484981650210666
-1.4322018153019707
-1.4322018153019707
-1.0800833570934567
-0.47187874746056885
-0.47187874746056885
0.5204550893088797
0.48844432038083296
1.4807781571502816
1.3207243125100478
0.2963797068125526
0.9686058543015339
1.416756619294188
0.008282786460132063
-0.1837818271081483
-1.4322018153019707
0.07230432431622552
0.008282786460132063
1.7368643085746553
0.008282786460132063
0.7445304718052068
1.064638161085674
0.008282786460132063
-0.47187874746056885
0.9045843164454405
-0.47187874746056885
0.7765412407332536
-0.3758464406764287
0.3924120135966928
-0.21579259603619502
0.04029355538817879
-0.47187874746056885
0.6484981650210666
-0.47187874746056885
-0.4078572096044754
0.61648739609302
-0.023727982467914664
-0.1517710581801016
0.008282786460132063
1.064638161085674
0.7765412407332536
0.13632586217231898
-0.47187874746056885
0.1683366311003657
-0.47187874746056885
-2.6166002656397
-3.4808910266969617
-1.6882879667263446
1.0966489300137208
0.2643689378845059
-0.3118249028203352
1.1286596989417677
-0.43986797853252213
-0.47187874746056885
-0.47187874746056885
0.5524658582369264
-0.47187874746056885
-1.4322018153019707
1.1286596989417677
1.8328966153587956
0.45643355145278625
-1.4322018153019707
-0.7279648988849426
1.5768104639344218
-0.05573875139596139
1.0326273921576274
-1.3681802774458773
-1.3681802774458773
-1.1120941260215034
1.192681236797861
2.1850150735673095
-0.47187874746056885
-0.47187874746056885
-0.47187874746056885
-0.47187874746056885
-0.47187874746056885
-0.47187874746056885
-0.47187874746056885
-0.47187874746056885
-0.47187874746056885
-0.47187874746056885
-0.47187874746056885
-0.47187874746056885
-0.47187874746056885
-0.47187874746056885
